-8.000000 8.950420e-01
-7.800000 8.648541e-01
-7.600000 8.342663e-01
-7.400000 7.918832e-01
-7.200000 7.530988e-01
-7.000000 7.137145e-01
-6.800000 6.617353e-01
-6.600000 6.017593e-01
-6.400000 5.571771e-01
-6.200000 4.986006e-01
-6.000000 4.344262e-01
-5.800000 3.800480e-01
-5.600000 3.360656e-01
-5.400000 2.846861e-01
-5.200000 2.403039e-01
-5.000000 1.956989e-01
-4.800000 1.734535e-01
-4.600000 1.309010e-01
-4.400000 1.115072e-01
-4.200000 8.796907e-02
-4.000000 7.115945e-02
-3.800000 5.554939e-02
-3.600000 4.368318e-02
-3.400000 3.788510e-02
-3.200000 2.874537e-02
-3.000000 2.269224e-02
-2.800000 1.801559e-02
-2.600000 1.444007e-02
-2.400000 1.161603e-02
-2.200000 9.199908e-03
-2.000000 7.239928e-03
-1.800000 5.689943e-03
-1.600000 4.659953e-03
-1.400000 3.349967e-03
-1.200000 2.129979e-03
-1.000000 1.869981e-03
-0.800000 1.249988e-03
-0.600000 1.099989e-03
-0.400000 9.399906e-04
-0.200000 5.799942e-04
